paco:
  I: 30
  Q: 1.524104490182407
  alpha: 2.2675739921279705
  beta: 2.099120691808094
  m: 366
  p: 32
  rho: 0.62287103552469902
  t: 40