paco:
  I: 30
  Q: 1.0382324756536001
  alpha: 1.0193015397345566
  beta: 1.6298299840787156
  m: 906
  p: 64
  rho: 0.89246092712793534
  t: 15