paco:
  I: 73
  Q: 0.68004523516886017
  alpha: 1.3690301252747266
  beta: 2.7569291693880129
  m: 159
  p: 32
  rho: 0.54408376494488564
  t: 39