aco-ts:
  Q: 1
  alpha: 1
  beta: 2
  evaporation_rate: 0.10000000000000001
  num_ants: 20
  num_iterations: 50
  p: 0.10000000000000001
  stagnation_limit: 10