large:
  data_dir: ../data/100
  num_runs: 10
  output_csv: ../output/solutions/large_paco.csv
  params:
    I: 10
    LS: 100
    Q: 2.0
    alpha: 1.25
    beta: 1.0
    m: 50
    p: 64
    rho: 0.5
    t: 40
medium:
  data_dir: data/50
  num_runs: 1
  output_csv: /tmp/bao_temp_output.csv
  params:
    I: 20
    LS: 90
    Q: 1.5317898441440245
    alpha: 0.75
    beta: 1.5026172217259526
    m: 55
    p: 64
    rho: 0.2
    t: 70
small:
  data_dir: data/25
  num_runs: 1
  output_csv: /tmp/bao_temp_output.csv
  params:
    I: 15
    LS: 50
    Q: 1.5578701066333343
    alpha: 1.12
    beta: 1.43
    m: 3
    p: 64
    rho: 0.7488418448103622
    t: 50
