paco:
  I: 96
  Q: 1.4642764403334185
  alpha: 1.6950486897330195
  beta: 0.85585736119269307
  m: 170
  p: 32
  rho: 0.12899001474699687
  t: 32